136100087,2016-09-01,051285649,1361,85.91
377700095,2016-09-01,051285649,3777,73.36
109400111,2016-09-01,060794278,1094,58.44
136100088,2016-09-01,135127654,1361,5.16
377700096,2016-09-01,135127654,3777,56.3
101300086,2016-09-01,212257394,1013,62.06
377700097,2016-09-01,212257394,3777,30.24
101300087,2016-09-01,265886734,1013,41.23
109400112,2016-09-01,276806076,1094,12.33
109400113,2016-09-01,286659823,1094,18.06
276900086,2016-09-01,290891982,2769,70.48
276900087,2016-09-01,310933237,2769,56.55
276900088,2016-09-01,391031719,2769,67.22
276900089,2016-09-01,447562366,2769,45.56
101300088,2016-09-01,447761341,1013,5.56
101300089,2016-09-01,491848431,1013,2.23
109400114,2016-09-01,491848431,1094,78.1
109400115,2016-09-01,505679300,1094,52.43
276900090,2016-09-01,505679300,2769,84.84
101300090,2016-09-01,547995183,1013,66.71
136100089,2016-09-01,642358315,1361,97.01
109400116,2016-09-01,648088570,1094,90.31
276900091,2016-09-01,648088570,2769,68.15
276900092,2016-09-01,684562268,2769,85.86
101300091,2016-09-01,721728168,1013,12.68
109400117,2016-09-01,721728168,1094,10.05
109400118,2016-09-01,729876458,1094,93.25
377700098,2016-09-01,830150428,3777,40.84
276900093,2016-09-01,876114994,2769,69.68
377700099,2016-09-01,876114994,3777,58.36
136100090,2016-09-02,023611278,1361,45.87
136100091,2016-09-02,060794278,1361,44.63
377700100,2016-09-02,060794278,3777,83.95
101300092,2016-09-02,107591739,1013,86.84
136100092,2016-09-02,107591739,1361,9.19
101300093,2016-09-02,110133488,1013,84.85
276900094,2016-09-02,110133488,2769,74.64
109400119,2016-09-02,144213961,1094,90.6
276900095,2016-09-02,185618838,2769,42.82
276900096,2016-09-02,193973451,2769,10.07
377700101,2016-09-02,193973451,3777,0.77
136100093,2016-09-02,212257394,1361,3.21
136100094,2016-09-02,212257394,1361,31.4
136100095,2016-09-02,213622911,1361,8.98
109400120,2016-09-02,234101312,1094,58.6
136100096,2016-09-02,256298595,1361,25.93
101300094,2016-09-02,265886734,1013,91.55
136100097,2016-09-02,330885271,1361,14.51
136100098,2016-09-02,343681644,1361,28.75
101300095,2016-09-02,447562366,1013,48.59
101300096,2016-09-02,449340127,1013,47.65
109400121,2016-09-02,473174932,1094,7.78
136100099,2016-09-02,505589588,1361,56.57
136100100,2016-09-02,515428953,1361,74.74
276900097,2016-09-02,547995183,2769,8.88
276900098,2016-09-02,613168328,2769,42.25
136100101,2016-09-02,619738273,1361,73.46
109400122,2016-09-02,635491325,1094,95.48
377700102,2016-09-02,648088570,3777,20.17
136100102,2016-09-02,661266929,1361,41.1
109400123,2016-09-02,684562268,1094,2.48
109400124,2016-09-02,687959335,1094,33.3
136100103,2016-09-02,729876458,1361,49.12
109400125,2016-09-02,817355585,1094,68.64
136100104,2016-09-02,830150428,1361,84.91
101300097,2016-09-02,876114994,1013,43.5
109400126,2016-09-02,876114994,1094,46.04
101300098,2016-09-02,885358189,1013,24.1
109400127,2016-09-03,023611278,1094,3.13
101300099,2016-09-03,051285649,1013,35.03
276900099,2016-09-03,097912811,2769,42.19
276900100,2016-09-03,108961755,2769,99.57
101300100,2016-09-03,110133488,1013,98.93
377700103,2016-09-03,119257029,3777,20.53
377700104,2016-09-03,135127654,3777,79.26
109400128,2016-09-03,144213961,1094,58.19
109400129,2016-09-03,185618838,1094,30.82
136100105,2016-09-03,185618838,1361,28.99
276900101,2016-09-03,185618838,2769,73.21
377700105,2016-09-03,185618838,3777,20.41
377700106,2016-09-03,213622911,3777,33.04
136100106,2016-09-03,234101312,1361,95.54
109400130,2016-09-03,256298595,1094,61.94
276900102,2016-09-03,276806076,2769,6.44
377700107,2016-09-03,276806076,3777,86.07
109400131,2016-09-03,299095250,1094,37.07
101300101,2016-09-03,376248582,1013,10.92
109400132,2016-09-03,391031719,1094,36.72
136100107,2016-09-03,391031719,1361,28.77
101300102,2016-09-03,447562366,1013,14.86
101300103,2016-09-03,449340127,1013,10.31
101300104,2016-09-03,475684549,1013,14.9
276900103,2016-09-03,505679300,2769,67.94
109400133,2016-09-03,661266929,1094,18.03
276900104,2016-09-03,661266929,2769,52.29
109400134,2016-09-03,752708151,1094,97.78
101300105,2016-09-03,830150428,1013,36.39
101300106,2016-09-03,885358189,1013,14.86
109400135,2016-09-03,885358189,1094,9.41
136100108,2016-09-04,017707993,1361,80.72
101300107,2016-09-04,031269436,1013,28.27
377700108,2016-09-04,107591739,3777,9.53
377700109,2016-09-04,118077058,3777,55.23
101300108,2016-09-04,128282194,1013,67.55
109400136,2016-09-04,135127654,1094,59.29
101300109,2016-09-04,144213961,1013,91.72
377700110,2016-09-04,144213961,3777,28.89
136100109,2016-09-04,147824776,1361,85.88
101300110,2016-09-04,213622911,1013,52.6
101300111,2016-09-04,218549862,1013,7.27
109400137,2016-09-04,276806076,1094,42.49
276900105,2016-09-04,276806076,2769,36.8
136100110,2016-09-04,330885271,1361,80.13
276900106,2016-09-04,330885271,2769,1.5
101300112,2016-09-04,430229878,1013,84.64
109400138,2016-09-04,430229878,1094,56.6
109400139,2016-09-04,443543140,1094,63.0
276900107,2016-09-04,447562366,2769,63.63
276900108,2016-09-04,447562366,2769,7.55
136100111,2016-09-04,448370910,1361,21.77
109400140,2016-09-04,473174932,1094,89.35
109400141,2016-09-04,505679300,1094,71.02
276900109,2016-09-04,547995183,2769,56.1
101300113,2016-09-04,561534562,1013,46.8
377700111,2016-09-04,561534562,3777,88.52
101300114,2016-09-04,619738273,1013,98.42
101300115,2016-09-04,635491325,1013,15.46
101300116,2016-09-04,635491325,1013,7.96
377700112,2016-09-04,648088570,3777,41.54
109400142,2016-09-04,729876458,1094,99.66
276900110,2016-09-04,729876458,2769,56.4
136100112,2016-09-04,752708151,1361,96.37
276900111,2016-09-04,776905552,2769,72.64
109400143,2016-09-04,817355585,1094,81.28
377700113,2016-09-05,023611278,3777,31.39
101300117,2016-09-05,107591739,1013,25.86
377700114,2016-09-05,107591739,3777,95.23
136100113,2016-09-05,108961755,1361,6.26
377700115,2016-09-05,108961755,3777,89.57
101300118,2016-09-05,193973451,1013,9.2
136100114,2016-09-05,212257394,1361,69.1
377700116,2016-09-05,212257394,3777,5.35
377700117,2016-09-05,218549862,3777,67.23
109400144,2016-09-05,256298595,1094,67.59
109400145,2016-09-05,276806076,1094,74.48
101300119,2016-09-05,391031719,1013,87.38
276900112,2016-09-05,473174932,2769,35.22
101300120,2016-09-05,475684549,1013,82.62
377700118,2016-09-05,475684549,3777,22.21
109400146,2016-09-05,492621787,1094,17.78
276900113,2016-09-05,547995183,2769,33.24
276900114,2016-09-05,561534562,2769,39.15
136100115,2016-09-05,619738273,1361,27.11
276900115,2016-09-05,619738273,2769,82.0
101300121,2016-09-05,642358315,1013,15.37
109400147,2016-09-05,648088570,1094,36.7
101300122,2016-09-05,721728168,1013,6.88
109400148,2016-09-05,729876458,1094,67.13
136100116,2016-09-05,817355585,1361,98.15
109400149,2016-09-05,830150428,1094,39.83
109400150,2016-09-05,885358189,1094,75.77
109400151,2016-09-06,051285649,1094,3.11
377700119,2016-09-06,108961755,3777,45.65
109400152,2016-09-06,118077058,1094,74.1
136100117,2016-09-06,185618838,1361,94.29
377700120,2016-09-06,193973451,3777,16.41
109400153,2016-09-06,212257394,1094,49.38
101300123,2016-09-06,276806076,1013,54.31
377700121,2016-09-06,286659823,3777,56.53
276900116,2016-09-06,299095250,2769,35.69
109400154,2016-09-06,343681644,1094,86.51
136100118,2016-09-06,391031719,1361,28.31
136100119,2016-09-06,430229878,1361,45.85
109400155,2016-09-06,447562366,1094,65.61
276900117,2016-09-06,505679300,2769,80.86
109400156,2016-09-06,561534562,1094,44.34
377700122,2016-09-06,561534562,3777,61.95
377700123,2016-09-06,561534562,3777,8.87
377700124,2016-09-06,687959335,3777,14.78
276900118,2016-09-06,739118188,2769,42.59
136100120,2016-09-06,776905552,1361,98.44
276900119,2016-09-06,813944979,2769,71.51
276900120,2016-09-06,813944979,2769,77.46
377700125,2016-09-06,885358189,3777,47.88
276900121,2016-09-07,031289643,2769,75.92
101300124,2016-09-07,101575856,1013,38.04
109400157,2016-09-07,118077058,1094,40.59
109400158,2016-09-07,234101312,1094,12.62
101300125,2016-09-07,265886734,1013,41.81
276900122,2016-09-07,265886734,2769,19.67
276900123,2016-09-07,265886734,2769,31.14
377700126,2016-09-07,265886734,3777,42.44
377700127,2016-09-07,286659823,3777,17.95
136100121,2016-09-07,378591838,1361,40.36
136100122,2016-09-07,447562366,1361,87.97
276900124,2016-09-07,447761341,2769,17.14
109400159,2016-09-07,448370910,1094,44.93
101300126,2016-09-07,475684549,1013,71.71
109400160,2016-09-07,475684549,1094,75.86
377700128,2016-09-07,491848431,3777,1.22
276900125,2016-09-07,547995183,2769,34.08
109400161,2016-09-07,561534562,1094,54.68
276900126,2016-09-07,613168328,2769,19.29
276900127,2016-09-07,642358315,2769,81.02
377700129,2016-09-07,661266929,3777,99.2
109400162,2016-09-07,721728168,1094,97.26
101300127,2016-09-07,830150428,1013,73.04
377700130,2016-09-07,830150428,3777,80.45
136100123,2016-09-08,023611278,1361,25.57
377700131,2016-09-08,023611278,3777,26.72
101300128,2016-09-08,051285649,1013,7.49
276900128,2016-09-08,051285649,2769,52.57
136100124,2016-09-08,097912811,1361,29.28
109400163,2016-09-08,107591739,1094,47.19
136100125,2016-09-08,135127654,1361,62.19
101300129,2016-09-08,185618838,1013,0.54
109400164,2016-09-08,185618838,1094,9.19
136100126,2016-09-08,216113644,1361,89.97
101300130,2016-09-08,234101312,1013,26.05
109400165,2016-09-08,265886734,1094,9.19
377700132,2016-09-08,290891982,3777,64.9
276900129,2016-09-08,330885271,2769,92.29
377700133,2016-09-08,391031719,3777,1.88
101300131,2016-09-08,473174932,1013,7.66
276900130,2016-09-08,547995183,2769,11.59
136100127,2016-09-08,578148567,1361,55.12
109400166,2016-09-08,619738273,1094,44.89
109400167,2016-09-08,635491325,1094,31.73
101300132,2016-09-08,648088570,1013,60.86
136100128,2016-09-08,648088570,1361,11.31
276900131,2016-09-08,661266929,2769,72.74
101300133,2016-09-08,687959335,1013,39.97
101300134,2016-09-08,687959335,1013,95.62
109400168,2016-09-08,687959335,1094,3.41
109400169,2016-09-08,687959335,1094,80.92
276900132,2016-09-08,752708151,2769,61.32
136100129,2016-09-08,776905552,1361,67.98
109400170,2016-09-08,813944979,1094,11.72
109400171,2016-09-08,817355585,1094,51.89
377700134,2016-09-08,830150428,3777,92.06
101300135,2016-09-09,017707993,1013,98.55
136100130,2016-09-09,017707993,1361,70.96
136100131,2016-09-09,023611278,1361,16.51
276900133,2016-09-09,110133488,2769,96.57
276900134,2016-09-09,135127654,2769,29.34
101300136,2016-09-09,144213961,1013,61.37
276900135,2016-09-09,185618838,2769,45.16
136100132,2016-09-09,193973451,1361,32.7
109400172,2016-09-09,213622911,1094,5.33
377700135,2016-09-09,216113644,3777,51.95
377700136,2016-09-09,216113644,3777,90.33
276900136,2016-09-09,218549862,2769,83.07
276900137,2016-09-09,265886734,2769,2.53
377700137,2016-09-09,265886734,3777,94.9
136100133,2016-09-09,276806076,1361,73.13
109400173,2016-09-09,299095250,1094,2.8
377700138,2016-09-09,376248582,3777,79.82
136100134,2016-09-09,391031719,1361,76.24
377700139,2016-09-09,430229878,3777,0.62
109400174,2016-09-09,447562366,1094,82.91
276900138,2016-09-09,447562366,2769,86.99
109400175,2016-09-09,475684549,1094,0.16
377700140,2016-09-09,491848431,3777,56.45
377700141,2016-09-09,505589588,3777,94.45
377700142,2016-09-09,515428953,3777,60.73
101300137,2016-09-09,613168328,1013,30.14
101300138,2016-09-09,619738273,1013,88.19
101300139,2016-09-09,687959335,1013,17.62
101300140,2016-09-09,721728168,1013,0.39
377700143,2016-09-09,721728168,3777,4.49
276900139,2016-09-09,739118188,2769,61.95
377700144,2016-09-09,739118188,3777,53.36
276900140,2016-09-09,796329812,2769,13.88
109400176,2016-09-09,813944979,1094,30.83
276900141,2016-09-09,830150428,2769,10.96
109400177,2016-09-09,876114994,1094,95.72
136100135,2016-09-09,885358189,1361,78.01
109400178,2016-09-10,031269436,1094,4.82
109400179,2016-09-10,060794278,1094,82.68
109400180,2016-09-10,097912811,1094,83.45
377700145,2016-09-10,107591739,3777,16.9
109400181,2016-09-10,118077058,1094,26.21
109400182,2016-09-10,119257029,1094,40.29
109400183,2016-09-10,119257029,1094,9.99
377700146,2016-09-10,119257029,3777,49.37
276900142,2016-09-10,135127654,2769,23.31
276900143,2016-09-10,135127654,2769,25.58
136100136,2016-09-10,185618838,1361,6.11
377700147,2016-09-10,212257394,3777,47.16
101300141,2016-09-10,213622911,1013,77.22
101300142,2016-09-10,216113644,1013,82.08
276900144,2016-09-10,216113644,2769,34.87
377700148,2016-09-10,256298595,3777,76.07
377700149,2016-09-10,330885271,3777,28.66
276900145,2016-09-10,378591838,2769,14.17
377700150,2016-09-10,430229878,3777,16.62
109400184,2016-09-10,443543140,1094,48.37
136100137,2016-09-10,443543140,1361,94.34
109400185,2016-09-10,447761341,1094,94.77
377700151,2016-09-10,461717733,3777,70.96
276900146,2016-09-10,492621787,2769,10.56
276900147,2016-09-10,492621787,2769,63.59
377700152,2016-09-10,492621787,3777,5.74
276900148,2016-09-10,505679300,2769,35.42
136100138,2016-09-10,578148567,1361,16.26
377700153,2016-09-10,613168328,3777,36.92
136100139,2016-09-10,619738273,1361,94.84
377700154,2016-09-10,635491325,3777,38.36
276900149,2016-09-10,648088570,2769,36.27
109400186,2016-09-10,721728168,1094,20.8
136100140,2016-09-10,721728168,1361,54.73
377700155,2016-09-10,776905552,3777,49.06
276900150,2016-09-10,813944979,2769,73.28
101300143,2016-09-10,817355585,1013,27.76
109400187,2016-09-10,830150428,1094,91.75
136100141,2016-09-10,876114994,1361,59.84
136100142,2016-09-10,885358189,1361,16.9
377700156,2016-09-11,031289643,3777,90.96
377700157,2016-09-11,101575856,3777,2.59
101300144,2016-09-11,107591739,1013,86.55
276900151,2016-09-11,107591739,2769,21.68
136100143,2016-09-11,108961755,1361,20.17
109400188,2016-09-11,110133488,1094,18.5
109400189,2016-09-11,119257029,1094,58.72
276900152,2016-09-11,213622911,2769,85.04
101300145,2016-09-11,343681644,1013,71.01
109400190,2016-09-11,343681644,1094,14.24
109400191,2016-09-11,376248582,1094,78.56
101300146,2016-09-11,430229878,1013,3.62
109400192,2016-09-11,447562366,1094,27.77
276900153,2016-09-11,447562366,2769,76.67
276900154,2016-09-11,447761341,2769,44.4
276900155,2016-09-11,447761341,2769,50.87
377700158,2016-09-11,448370910,3777,0.79
377700159,2016-09-11,449340127,3777,43.09
101300147,2016-09-11,475684549,1013,16.66
109400193,2016-09-11,491848431,1094,29.48
377700160,2016-09-11,491848431,3777,26.11
109400194,2016-09-11,505679300,1094,69.17
101300148,2016-09-11,547995183,1013,28.48
109400195,2016-09-11,561534562,1094,46.7
276900156,2016-09-11,561534562,2769,2.76
136100144,2016-09-11,648088570,1361,28.03
101300149,2016-09-11,684562268,1013,25.49
276900157,2016-09-11,721728168,2769,39.55
377700161,2016-09-11,776905552,3777,66.1
136100145,2016-09-11,876114994,1361,29.58
109400196,2016-09-11,885358189,1094,98.39
377700162,2016-09-11,885358189,3777,70.85
101300150,2016-09-12,017707993,1013,33.36
109400197,2016-09-12,031269436,1094,29.61
136100146,2016-09-12,031269436,1361,80.28
101300151,2016-09-12,060794278,1013,74.33
276900158,2016-09-12,110133488,2769,29.43
377700163,2016-09-12,119257029,3777,84.64
276900159,2016-09-12,185618838,2769,44.25
101300152,2016-09-12,193973451,1013,58.77
109400198,2016-09-12,193973451,1094,82.53
109400199,2016-09-12,212257394,1094,64.47
377700164,2016-09-12,265886734,3777,85.23
136100147,2016-09-12,276806076,1361,11.41
377700165,2016-09-12,299095250,3777,86.92
109400200,2016-09-12,330885271,1094,33.89
136100148,2016-09-12,330885271,1361,63.23
377700166,2016-09-12,330885271,3777,10.47
101300153,2016-09-12,378591838,1013,19.73
109400201,2016-09-12,447761341,1094,71.32
136100149,2016-09-12,505589588,1361,20.49
109400202,2016-09-12,505679300,1094,93.05
276900160,2016-09-12,505679300,2769,41.81
136100150,2016-09-12,515428953,1361,71.53
101300154,2016-09-12,578148567,1013,34.7
377700167,2016-09-12,578148567,3777,91.78
109400203,2016-09-12,642358315,1094,32.89
377700168,2016-09-12,642358315,3777,41.93
101300155,2016-09-12,684562268,1013,78.57
109400204,2016-09-12,684562268,1094,71.22
136100151,2016-09-12,687959335,1361,90.23
276900161,2016-09-12,721728168,2769,86.53
101300156,2016-09-12,729876458,1013,0.55
101300157,2016-09-12,752708151,1013,86.22
109400205,2016-09-12,776905552,1094,93.15
101300158,2016-09-12,796329812,1013,91.25
136100152,2016-09-13,017707993,1361,85.29
377700169,2016-09-13,017707993,3777,21.2
377700170,2016-09-13,051285649,3777,69.52
136100153,2016-09-13,097912811,1361,3.35
377700171,2016-09-13,097912811,3777,30.74
101300159,2016-09-13,101575856,1013,97.58
109400206,2016-09-13,107591739,1094,10.2
136100154,2016-09-13,119257029,1361,75.58
136100155,2016-09-13,119257029,1361,9.23
377700172,2016-09-13,119257029,3777,16.85
136100156,2016-09-13,128282194,1361,10.22
109400207,2016-09-13,144213961,1094,8.47
377700173,2016-09-13,185618838,3777,6.42
377700174,2016-09-13,212257394,3777,89.73
136100157,2016-09-13,216113644,1361,70.23
136100158,2016-09-13,218549862,1361,86.15
377700175,2016-09-13,276806076,3777,1.75
109400208,2016-09-13,299095250,1094,40.29
276900162,2016-09-13,310933237,2769,47.31
136100159,2016-09-13,360513913,1361,91.95
276900163,2016-09-13,378591838,2769,60.79
377700176,2016-09-13,378591838,3777,20.81
276900164,2016-09-13,447562366,2769,49.85
109400209,2016-09-13,449340127,1094,23.06
136100160,2016-09-13,473174932,1361,20.84
101300160,2016-09-13,492621787,1013,45.67
109400210,2016-09-13,492621787,1094,89.67
109400211,2016-09-13,505679300,1094,63.65
101300161,2016-09-13,561534562,1013,51.76
109400212,2016-09-13,619738273,1094,51.46
109400213,2016-09-13,648088570,1094,85.83
136100161,2016-09-13,739118188,1361,5.82
101300162,2016-09-13,776905552,1013,87.46
109400214,2016-09-13,776905552,1094,2.08
276900165,2016-09-13,876114994,2769,0.72
101300163,2016-09-14,108961755,1013,76.91
276900166,2016-09-14,119257029,2769,13.02
109400215,2016-09-14,135127654,1094,1.6
109400216,2016-09-14,144213961,1094,64.29
136100162,2016-09-14,147824776,1361,58.77
377700177,2016-09-14,193973451,3777,38.39
109400217,2016-09-14,256298595,1094,87.98
101300164,2016-09-14,290891982,1013,60.25
101300165,2016-09-14,290891982,1013,81.36
377700178,2016-09-14,310933237,3777,76.22
136100163,2016-09-14,343681644,1361,38.29
136100164,2016-09-14,378591838,1361,4.94
136100165,2016-09-14,443543140,1361,70.87
276900167,2016-09-14,447562366,2769,86.74
377700179,2016-09-14,447562366,3777,7.99
136100166,2016-09-14,447761341,1361,3.18
377700180,2016-09-14,505589588,3777,16.83
377700181,2016-09-14,505589588,3777,62.45
101300166,2016-09-14,515428953,1013,67.51
109400218,2016-09-14,561534562,1094,17.22
136100167,2016-09-14,619738273,1361,54.77
276900168,2016-09-14,619738273,2769,69.22
136100168,2016-09-14,648088570,1361,62.94
109400219,2016-09-14,661266929,1094,96.26
101300167,2016-09-14,687959335,1013,32.32
276900169,2016-09-14,687959335,2769,5.74
377700182,2016-09-14,721728168,3777,58.93
136100169,2016-09-15,023611278,1361,6.41
101300168,2016-09-15,031269436,1013,36.97
377700183,2016-09-15,031269436,3777,63.94
136100170,2016-09-15,051285649,1361,33.41
136100171,2016-09-15,060794278,1361,65.01
377700184,2016-09-15,060794278,3777,3.24
377700185,2016-09-15,060794278,3777,63.89
109400220,2016-09-15,101575856,1094,68.35
276900170,2016-09-15,101575856,2769,97.14
377700186,2016-09-15,108961755,3777,77.91
377700187,2016-09-15,108961755,3777,82.71
377700188,2016-09-15,108961755,3777,84.97
101300169,2016-09-15,118077058,1013,31.83
101300170,2016-09-15,118077058,1013,56.83
136100172,2016-09-15,144213961,1361,18.49
276900171,2016-09-15,343681644,2769,25.71
136100173,2016-09-15,376248582,1361,47.77
101300171,2016-09-15,430229878,1013,66.32
276900172,2016-09-15,443543140,2769,95.41
101300172,2016-09-15,447562366,1013,32.11
101300173,2016-09-15,473174932,1013,65.69
136100174,2016-09-15,475684549,1361,27.77
136100175,2016-09-15,492621787,1361,38.34
377700189,2016-09-15,505589588,3777,90.08
101300174,2016-09-15,505679300,1013,70.98
109400221,2016-09-15,505679300,1094,0.58
109400222,2016-09-15,515428953,1094,7.43
109400223,2016-09-15,578148567,1094,57.11
109400224,2016-09-15,578148567,1094,85.03
276900173,2016-09-15,648088570,2769,89.42
276900174,2016-09-15,661266929,2769,32.24
101300175,2016-09-15,684562268,1013,76.3
276900175,2016-09-15,721728168,2769,69.18
276900176,2016-09-15,739118188,2769,85.66
101300176,2016-09-15,776905552,1013,61.67
377700190,2016-09-15,817355585,3777,96.17
276900177,2016-09-16,017707993,2769,86.74
109400225,2016-09-16,031269436,1094,36.23
136100176,2016-09-16,051285649,1361,49.82
109400226,2016-09-16,060794278,1094,67.26
136100177,2016-09-16,060794278,1361,57.34
136100178,2016-09-16,101575856,1361,70.93
276900178,2016-09-16,118077058,2769,48.23
136100179,2016-09-16,128282194,1361,33.07
109400227,2016-09-16,144213961,1094,29.81
276900179,2016-09-16,193973451,2769,97.36
101300177,2016-09-16,213622911,1013,49.17
276900180,2016-09-16,213622911,2769,10.23
276900181,2016-09-16,213622911,2769,91.04
377700191,2016-09-16,216113644,3777,28.2
136100180,2016-09-16,256298595,1361,88.7
101300178,2016-09-16,265886734,1013,8.13
377700192,2016-09-16,276806076,3777,64.95
101300179,2016-09-16,310933237,1013,31.6
136100181,2016-09-16,330885271,1361,19.13
377700193,2016-09-16,330885271,3777,81.11
101300180,2016-09-16,360513913,1013,77.62
109400228,2016-09-16,360513913,1094,22.4
101300181,2016-09-16,391031719,1013,80.41
109400229,2016-09-16,430229878,1094,90.91
101300182,2016-09-16,447562366,1013,49.3
109400230,2016-09-16,447562366,1094,85.08
377700194,2016-09-16,447562366,3777,18.88
101300183,2016-09-16,491848431,1013,16.39
136100182,2016-09-16,491848431,1361,4.52
109400231,2016-09-16,505589588,1094,74.61
109400232,2016-09-16,505589588,1094,87.28
136100183,2016-09-16,505679300,1361,71.18
377700195,2016-09-16,505679300,3777,70.03
101300184,2016-09-16,547995183,1013,22.5
101300185,2016-09-16,561534562,1013,25.82
109400233,2016-09-16,578148567,1094,10.4
377700196,2016-09-16,578148567,3777,35.82
377700197,2016-09-16,648088570,3777,11.14
136100184,2016-09-16,817355585,1361,36.97
136100185,2016-09-16,830150428,1361,27.87
276900182,2016-09-17,017707993,2769,46.65
276900183,2016-09-17,023611278,2769,66.76
136100186,2016-09-17,031269436,1361,39.94
101300186,2016-09-17,101575856,1013,62.31
136100187,2016-09-17,107591739,1361,71.35
109400234,2016-09-17,110133488,1094,91.93
377700198,2016-09-17,118077058,3777,30.77
136100188,2016-09-17,128282194,1361,32.04
109400235,2016-09-17,212257394,1094,83.0
136100189,2016-09-17,213622911,1361,98.17
109400236,2016-09-17,299095250,1094,13.09
109400237,2016-09-17,310933237,1094,67.76
136100190,2016-09-17,310933237,1361,54.63
136100191,2016-09-17,343681644,1361,74.9
109400238,2016-09-17,376248582,1094,97.06
377700199,2016-09-17,376248582,3777,55.78
276900184,2016-09-17,430229878,2769,54.49
136100192,2016-09-17,447562366,1361,28.94
136100193,2016-09-17,473174932,1361,92.41
276900185,2016-09-17,475684549,2769,87.5
101300187,2016-09-17,491848431,1013,13.15
109400239,2016-09-17,505589588,1094,64.59
101300188,2016-09-17,505679300,1013,14.79
109400240,2016-09-17,547995183,1094,21.89
109400241,2016-09-17,547995183,1094,99.67
377700200,2016-09-17,547995183,3777,94.31
101300189,2016-09-17,613168328,1013,0.33
109400242,2016-09-17,613168328,1094,81.33
276900186,2016-09-17,619738273,2769,98.9
276900187,2016-09-17,642358315,2769,54.33
276900188,2016-09-17,661266929,2769,26.44
136100194,2016-09-17,721728168,1361,6.29
136100195,2016-09-17,729876458,1361,33.0
109400243,2016-09-17,776905552,1094,28.29
101300190,2016-09-17,813944979,1013,40.76
101300191,2016-09-17,813944979,1013,47.96
377700201,2016-09-17,813944979,3777,63.21
136100196,2016-09-17,817355585,1361,86.71
276900189,2016-09-17,817355585,2769,75.93
101300192,2016-09-18,017707993,1013,21.61
109400244,2016-09-18,017707993,1094,80.41
136100197,2016-09-18,101575856,1361,46.03
109400245,2016-09-18,108961755,1094,5.2
101300193,2016-09-18,128282194,1013,20.02
101300194,2016-09-18,135127654,1013,74.33
276900190,2016-09-18,193973451,2769,21.0
377700202,2016-09-18,213622911,3777,99.61
101300195,2016-09-18,290891982,1013,13.56
276900191,2016-09-18,310933237,2769,82.2
377700203,2016-09-18,310933237,3777,95.81
101300196,2016-09-18,330885271,1013,92.02
276900192,2016-09-18,378591838,2769,86.05
276900193,2016-09-18,447562366,2769,10.58
136100198,2016-09-18,447761341,1361,72.89
109400246,2016-09-18,448370910,1094,6.76
377700204,2016-09-18,473174932,3777,67.67
276900194,2016-09-18,492621787,2769,9.2
276900195,2016-09-18,505679300,2769,96.4
276900196,2016-09-18,515428953,2769,90.7
101300197,2016-09-18,547995183,1013,49.26
377700205,2016-09-18,613168328,3777,81.3
276900197,2016-09-18,619738273,2769,69.83
109400247,2016-09-18,635491325,1094,28.63
377700206,2016-09-18,642358315,3777,22.83
101300198,2016-09-18,687959335,1013,85.34
101300199,2016-09-18,729876458,1013,20.69
276900198,2016-09-18,729876458,2769,71.9
136100199,2016-09-18,752708151,1361,12.51
276900199,2016-09-18,796329812,2769,49.51
377700207,2016-09-18,796329812,3777,46.75
109400248,2016-09-18,817355585,1094,40.88
136100200,2016-09-18,817355585,1361,98.64
276900200,2016-09-18,830150428,2769,78.65
276900201,2016-09-18,830150428,2769,99.08
276900202,2016-09-18,885358189,2769,64.21
109400249,2016-09-19,023611278,1094,20.64
276900203,2016-09-19,031269436,2769,37.01
377700208,2016-09-19,031289643,3777,10.02
101300200,2016-09-19,051285649,1013,53.28
136100201,2016-09-19,051285649,1361,95.77
101300201,2016-09-19,060794278,1013,95.72
101300202,2016-09-19,108961755,1013,97.03
109400250,2016-09-19,110133488,1094,11.25
136100202,2016-09-19,128282194,1361,20.41
109400251,2016-09-19,135127654,1094,99.21
109400252,2016-09-19,185618838,1094,87.57
101300203,2016-09-19,193973451,1013,61.68
109400253,2016-09-19,193973451,1094,12.58
377700209,2016-09-19,216113644,3777,5.72
109400254,2016-09-19,256298595,1094,36.76
276900204,2016-09-19,256298595,2769,31.8
136100203,2016-09-19,265886734,1361,46.21
136100204,2016-09-19,299095250,1361,32.89
276900205,2016-09-19,299095250,2769,37.08
136100205,2016-09-19,330885271,1361,6.6
276900206,2016-09-19,448370910,2769,38.96
377700210,2016-09-19,491848431,3777,62.69
101300204,2016-09-19,505679300,1013,55.96
377700211,2016-09-19,642358315,3777,30.9
377700212,2016-09-19,648088570,3777,63.87
109400255,2016-09-19,721728168,1094,54.33
136100206,2016-09-19,813944979,1361,47.71
136100207,2016-09-19,885358189,1361,2.94
377700213,2016-09-20,031269436,3777,31.81
109400256,2016-09-20,097912811,1094,17.73
109400257,2016-09-20,097912811,1094,73.19
136100208,2016-09-20,107591739,1361,13.54
136100209,2016-09-20,108961755,1361,42.16
276900207,2016-09-20,110133488,2769,45.41
377700214,2016-09-20,118077058,3777,11.98
377700215,2016-09-20,118077058,3777,89.55
101300205,2016-09-20,119257029,1013,60.81
276900208,2016-09-20,147824776,2769,18.82
276900209,2016-09-20,185618838,2769,77.26
101300206,2016-09-20,218549862,1013,89.08
276900210,2016-09-20,218549862,2769,92.56
101300207,2016-09-20,256298595,1013,40.64
276900211,2016-09-20,286659823,2769,41.46
136100210,2016-09-20,290891982,1361,96.58
101300208,2016-09-20,310933237,1013,96.76
136100211,2016-09-20,310933237,1361,17.17
101300209,2016-09-20,330885271,1013,37.56
276900212,2016-09-20,330885271,2769,66.89
101300210,2016-09-20,376248582,1013,18.93
276900213,2016-09-20,376248582,2769,97.85
109400258,2016-09-20,378591838,1094,18.38
136100212,2016-09-20,430229878,1361,7.91
136100213,2016-09-20,430229878,1361,72.89
136100214,2016-09-20,447562366,1361,37.03
101300211,2016-09-20,515428953,1013,72.52
136100215,2016-09-20,561534562,1361,92.89
136100216,2016-09-20,578148567,1361,83.89
101300212,2016-09-20,619738273,1013,39.34
101300213,2016-09-20,619738273,1013,58.51
136100217,2016-09-20,619738273,1361,45.86
109400259,2016-09-20,635491325,1094,12.68
101300214,2016-09-20,642358315,1013,72.61
136100218,2016-09-20,684562268,1361,87.7
109400260,2016-09-20,729876458,1094,38.33
101300215,2016-09-20,739118188,1013,20.26
377700216,2016-09-20,752708151,3777,72.32
136100219,2016-09-20,830150428,1361,24.46
101300216,2016-09-20,885358189,1013,55.31
136100220,2016-09-20,885358189,1361,78.07
109400261,2016-09-21,017707993,1094,91.14
377700217,2016-09-21,017707993,3777,36.82
136100221,2016-09-21,051285649,1361,87.96
377700218,2016-09-21,051285649,3777,18.06
136100222,2016-09-21,107591739,1361,76.12
136100223,2016-09-21,108961755,1361,90.4
136100224,2016-09-21,118077058,1361,7.49
377700219,2016-09-21,144213961,3777,71.35
109400262,2016-09-21,185618838,1094,66.64
276900214,2016-09-21,193973451,2769,22.01
109400263,2016-09-21,213622911,1094,41.19
109400264,2016-09-21,330885271,1094,11.74
276900215,2016-09-21,330885271,2769,93.64
101300217,2016-09-21,376248582,1013,26.79
109400265,2016-09-21,376248582,1094,55.45
101300218,2016-09-21,443543140,1013,80.64
136100225,2016-09-21,443543140,1361,34.05
101300219,2016-09-21,447562366,1013,98.71
136100226,2016-09-21,447761341,1361,14.2
109400266,2016-09-21,491848431,1094,7.04
136100227,2016-09-21,505679300,1361,72.45
136100228,2016-09-21,515428953,1361,85.5
377700220,2016-09-21,613168328,3777,58.15
276900216,2016-09-21,619738273,2769,64.69
136100229,2016-09-21,635491325,1361,60.96
377700221,2016-09-21,648088570,3777,32.03
276900217,2016-09-21,661266929,2769,33.12
101300220,2016-09-21,729876458,1013,15.74
377700222,2016-09-21,729876458,3777,9.81
136100230,2016-09-21,752708151,1361,20.03
136100231,2016-09-21,796329812,1361,50.15
377700223,2016-09-21,830150428,3777,87.11
101300221,2016-09-22,017707993,1013,52.43
101300222,2016-09-22,031269436,1013,41.13
101300223,2016-09-22,031269436,1013,8.8
136100232,2016-09-22,031269436,1361,13.01
276900218,2016-09-22,031289643,2769,56.88
377700224,2016-09-22,060794278,3777,64.17
276900219,2016-09-22,101575856,2769,84.64
101300224,2016-09-22,108961755,1013,56.63
109400267,2016-09-22,108961755,1094,71.63
377700225,2016-09-22,128282194,3777,15.83
136100233,2016-09-22,212257394,1361,84.03
276900220,2016-09-22,218549862,2769,52.92
136100234,2016-09-22,290891982,1361,9.62
276900221,2016-09-22,299095250,2769,93.77
377700226,2016-09-22,330885271,3777,71.42
101300225,2016-09-22,360513913,1013,55.66
276900222,2016-09-22,376248582,2769,95.67
377700227,2016-09-22,443543140,3777,36.38
101300226,2016-09-22,447562366,1013,22.4
101300227,2016-09-22,447562366,1013,31.01
101300228,2016-09-22,448370910,1013,99.8
377700228,2016-09-22,461717733,3777,28.91
101300229,2016-09-22,505589588,1013,17.82
276900223,2016-09-22,505589588,2769,8.63
136100235,2016-09-22,515428953,1361,29.81
276900224,2016-09-22,515428953,2769,86.62
109400268,2016-09-22,619738273,1094,95.88
276900225,2016-09-22,739118188,2769,41.39
377700229,2016-09-22,739118188,3777,15.91
377700230,2016-09-22,776905552,3777,1.3
136100236,2016-09-22,876114994,1361,69.41
377700231,2016-09-23,017707993,3777,21.17
101300230,2016-09-23,031269436,1013,55.97
101300231,2016-09-23,031269436,1013,82.54
136100237,2016-09-23,060794278,1361,62.84
377700232,2016-09-23,128282194,3777,76.26
377700233,2016-09-23,193973451,3777,91.54
101300232,2016-09-23,213622911,1013,15.9
136100238,2016-09-23,213622911,1361,7.59
109400269,2016-09-23,218549862,1094,25.19
101300233,2016-09-23,265886734,1013,62.04
109400270,2016-09-23,276806076,1094,72.38
276900226,2016-09-23,276806076,2769,87.4
136100239,2016-09-23,286659823,1361,27.0
276900227,2016-09-23,286659823,2769,86.3
109400271,2016-09-23,290891982,1094,15.2
136100240,2016-09-23,290891982,1361,80.09
101300234,2016-09-23,330885271,1013,56.5
101300235,2016-09-23,343681644,1013,20.27
136100241,2016-09-23,360513913,1361,70.72
101300236,2016-09-23,430229878,1013,38.72
136100242,2016-09-23,430229878,1361,53.48
136100243,2016-09-23,448370910,1361,55.15
377700234,2016-09-23,448370910,3777,94.31
101300237,2016-09-23,461717733,1013,88.88
377700235,2016-09-23,473174932,3777,89.65
276900228,2016-09-23,491848431,2769,96.45
276900229,2016-09-23,505589588,2769,1.94
377700236,2016-09-23,515428953,3777,77.44
136100244,2016-09-23,561534562,1361,66.46
101300238,2016-09-23,578148567,1013,89.02
276900230,2016-09-23,642358315,2769,91.57
136100245,2016-09-23,648088570,1361,52.49
377700237,2016-09-23,648088570,3777,22.63
136100246,2016-09-23,661266929,1361,52.37
109400272,2016-09-23,752708151,1094,64.66
136100247,2016-09-23,830150428,1361,13.72
101300239,2016-09-23,885358189,1013,63.3
276900231,2016-09-24,023611278,2769,71.38
136100248,2016-09-24,031269436,1361,19.15
276900232,2016-09-24,031289643,2769,30.05
109400273,2016-09-24,051285649,1094,55.29
377700238,2016-09-24,060794278,3777,46.92
276900233,2016-09-24,110133488,2769,4.52
276900234,2016-09-24,110133488,2769,78.35
136100249,2016-09-24,118077058,1361,64.17
276900235,2016-09-24,212257394,2769,29.86
276900236,2016-09-24,213622911,2769,39.85
101300240,2016-09-24,256298595,1013,95.08
276900237,2016-09-24,310933237,2769,76.15
109400274,2016-09-24,360513913,1094,1.49
136100250,2016-09-24,360513913,1361,72.79
101300241,2016-09-24,378591838,1013,10.44
377700239,2016-09-24,391031719,3777,45.41
276900238,2016-09-24,447761341,2769,80.47
377700240,2016-09-24,447761341,3777,34.16
109400275,2016-09-24,461717733,1094,13.91
136100251,2016-09-24,473174932,1361,6.19
101300242,2016-09-24,491848431,1013,14.02
101300243,2016-09-24,492621787,1013,16.94
136100252,2016-09-24,492621787,1361,63.05
276900239,2016-09-24,561534562,2769,67.01
276900240,2016-09-24,642358315,2769,10.18
377700241,2016-09-24,642358315,3777,72.64
136100253,2016-09-24,687959335,1361,75.7
109400276,2016-09-24,739118188,1094,43.99
377700242,2016-09-24,796329812,3777,22.06
109400277,2016-09-24,817355585,1094,73.21
101300244,2016-09-24,830150428,1013,83.17
136100254,2016-09-24,885358189,1361,33.6
377700243,2016-09-25,031289643,3777,93.89
377700244,2016-09-25,051285649,3777,50.76
136100255,2016-09-25,097912811,1361,22.77
276900241,2016-09-25,097912811,2769,53.0
377700245,2016-09-25,108961755,3777,80.25
276900242,2016-09-25,110133488,2769,64.7
377700246,2016-09-25,118077058,3777,68.64
377700247,2016-09-25,119257029,3777,78.43
109400278,2016-09-25,193973451,1094,68.2
136100256,2016-09-25,193973451,1361,52.21
109400279,2016-09-25,218549862,1094,43.62
101300245,2016-09-25,265886734,1013,6.9
101300246,2016-09-25,290891982,1013,21.06
101300247,2016-09-25,310933237,1013,18.6
109400280,2016-09-25,430229878,1094,70.76
101300248,2016-09-25,443543140,1013,30.66
101300249,2016-09-25,447761341,1013,60.78
276900243,2016-09-25,449340127,2769,3.41
377700248,2016-09-25,449340127,3777,97.47
276900244,2016-09-25,461717733,2769,92.38
101300250,2016-09-25,491848431,1013,1.29
109400281,2016-09-25,492621787,1094,44.6
136100257,2016-09-25,505679300,1361,85.47
109400282,2016-09-25,547995183,1094,19.59
109400283,2016-09-25,613168328,1094,61.04
109400284,2016-09-25,642358315,1094,67.94
109400285,2016-09-25,648088570,1094,65.22
276900245,2016-09-25,729876458,2769,51.74
101300251,2016-09-25,739118188,1013,54.41
377700249,2016-09-25,752708151,3777,46.89
109400286,2016-09-25,813944979,1094,64.6
377700250,2016-09-25,876114994,3777,20.67
109400287,2016-09-26,023611278,1094,0.84
377700251,2016-09-26,031269436,3777,89.46
377700252,2016-09-26,031269436,3777,9.07
136100258,2016-09-26,031289643,1361,64.21
136100259,2016-09-26,097912811,1361,23.26
276900246,2016-09-26,185618838,2769,99.5
136100260,2016-09-26,193973451,1361,67.37
377700253,2016-09-26,212257394,3777,1.07
101300252,2016-09-26,213622911,1013,33.77
377700254,2016-09-26,213622911,3777,28.64
136100261,2016-09-26,234101312,1361,32.01
136100262,2016-09-26,234101312,1361,82.82
276900247,2016-09-26,234101312,2769,46.99
377700255,2016-09-26,276806076,3777,43.59
136100263,2016-09-26,290891982,1361,62.32
136100264,2016-09-26,310933237,1361,31.02
101300253,2016-09-26,330885271,1013,25.33
276900248,2016-09-26,330885271,2769,37.29
276900249,2016-09-26,343681644,2769,68.56
276900250,2016-09-26,343681644,2769,77.02
377700256,2016-09-26,343681644,3777,45.1
276900251,2016-09-26,360513913,2769,4.83
377700257,2016-09-26,376248582,3777,59.49
377700258,2016-09-26,447761341,3777,96.43
276900252,2016-09-26,448370910,2769,99.1
101300254,2016-09-26,461717733,1013,95.48
109400288,2016-09-26,461717733,1094,93.14
377700259,2016-09-26,461717733,3777,33.76
377700260,2016-09-26,473174932,3777,66.74
276900253,2016-09-26,491848431,2769,86.91
101300255,2016-09-26,505679300,1013,82.38
276900254,2016-09-26,547995183,2769,71.93
136100265,2016-09-26,578148567,1361,92.83
109400289,2016-09-26,721728168,1094,71.56
377700261,2016-09-26,721728168,3777,7.4
101300256,2016-09-26,739118188,1013,21.9
109400290,2016-09-26,796329812,1094,46.12
136100266,2016-09-26,813944979,1361,17.63
101300257,2016-09-26,830150428,1013,81.19
109400291,2016-09-26,876114994,1094,33.01
136100267,2016-09-26,876114994,1361,31.54
109400292,2016-09-27,031289643,1094,60.72
109400293,2016-09-27,031289643,1094,98.44
101300258,2016-09-27,101575856,1013,30.39
377700262,2016-09-27,108961755,3777,54.04
377700263,2016-09-27,144213961,3777,52.06
136100268,2016-09-27,147824776,1361,60.29
109400294,2016-09-27,185618838,1094,33.94
101300259,2016-09-27,193973451,1013,2.26
276900255,2016-09-27,212257394,2769,96.62
377700264,2016-09-27,212257394,3777,56.09
101300260,2016-09-27,213622911,1013,77.94
109400295,2016-09-27,234101312,1094,77.96
136100269,2016-09-27,234101312,1361,32.32
276900256,2016-09-27,290891982,2769,29.19
377700265,2016-09-27,290891982,3777,55.46
276900257,2016-09-27,299095250,2769,23.2
377700266,2016-09-27,330885271,3777,81.36
101300261,2016-09-27,449340127,1013,67.72
101300262,2016-09-27,449340127,1013,99.43
276900258,2016-09-27,449340127,2769,12.77
276900259,2016-09-27,461717733,2769,5.23
109400296,2016-09-27,491848431,1094,49.52
276900260,2016-09-27,515428953,2769,15.04
109400297,2016-09-27,547995183,1094,40.4
109400298,2016-09-27,613168328,1094,26.45
136100270,2016-09-27,648088570,1361,55.66
377700267,2016-09-27,661266929,3777,86.23
109400299,2016-09-27,684562268,1094,54.86
101300263,2016-09-27,687959335,1013,9.97
276900261,2016-09-27,721728168,2769,14.93
109400300,2016-09-27,752708151,1094,85.37
136100271,2016-09-27,752708151,1361,39.67
136100272,2016-09-27,776905552,1361,38.94
136100273,2016-09-27,776905552,1361,5.19
276900262,2016-09-27,796329812,2769,4.98
276900263,2016-09-27,813944979,2769,0.14
136100274,2016-09-27,817355585,1361,1.94
136100275,2016-09-27,885358189,1361,50.99
101300264,2016-09-28,017707993,1013,55.45
276900264,2016-09-28,017707993,2769,62.23
101300265,2016-09-28,023611278,1013,14.49
101300266,2016-09-28,108961755,1013,12.16
101300267,2016-09-28,110133488,1013,48.61
109400301,2016-09-28,118077058,1094,97.73
276900265,2016-09-28,118077058,2769,73.82
109400302,2016-09-28,193973451,1094,73.57
276900266,2016-09-28,218549862,2769,32.07
101300268,2016-09-28,234101312,1013,82.16
136100276,2016-09-28,234101312,1361,96.65
276900267,2016-09-28,290891982,2769,17.67
101300269,2016-09-28,299095250,1013,54.38
109400303,2016-09-28,343681644,1094,99.0
101300270,2016-09-28,360513913,1013,88.55
276900268,2016-09-28,376248582,2769,6.55
377700268,2016-09-28,376248582,3777,36.04
101300271,2016-09-28,378591838,1013,24.88
109400304,2016-09-28,391031719,1094,24.44
276900269,2016-09-28,430229878,2769,84.81
276900270,2016-09-28,473174932,2769,64.81
136100277,2016-09-28,491848431,1361,70.86
109400305,2016-09-28,561534562,1094,41.02
101300272,2016-09-28,613168328,1013,99.22
377700269,2016-09-28,687959335,3777,72.97
101300273,2016-09-28,739118188,1013,24.63
136100278,2016-09-28,739118188,1361,19.64
276900271,2016-09-28,739118188,2769,44.7
276900272,2016-09-28,752708151,2769,22.14
101300274,2016-09-28,796329812,1013,37.41
377700270,2016-09-28,813944979,3777,57.06
109400306,2016-09-28,885358189,1094,14.73
377700271,2016-09-29,017707993,3777,9.28
109400307,2016-09-29,023611278,1094,18.16
136100279,2016-09-29,023611278,1361,88.0
101300275,2016-09-29,031269436,1013,28.68
276900273,2016-09-29,060794278,2769,22.75
101300276,2016-09-29,097912811,1013,9.86
109400308,2016-09-29,101575856,1094,59.39
136100280,2016-09-29,107591739,1361,24.96
136100281,2016-09-29,212257394,1361,62.35
377700272,2016-09-29,218549862,3777,51.51
136100282,2016-09-29,234101312,1361,62.74
377700273,2016-09-29,286659823,3777,45.55
136100283,2016-09-29,461717733,1361,33.04
101300277,2016-09-29,473174932,1013,58.75
136100284,2016-09-29,475684549,1361,21.41
276900274,2016-09-29,475684549,2769,39.62
377700274,2016-09-29,491848431,3777,8.11
377700275,2016-09-29,578148567,3777,82.05
276900275,2016-09-29,613168328,2769,18.1
377700276,2016-09-29,648088570,3777,96.24
101300278,2016-09-29,684562268,1013,24.9
276900276,2016-09-29,684562268,2769,71.4
377700277,2016-09-29,687959335,3777,53.37
109400309,2016-09-29,721728168,1094,64.86
101300279,2016-09-29,817355585,1013,40.65
276900277,2016-09-30,017707993,2769,48.93
101300280,2016-09-30,031269436,1013,46.8
377700278,2016-09-30,051285649,3777,63.49
377700279,2016-09-30,097912811,3777,17.94
276900278,2016-09-30,101575856,2769,0.93
136100285,2016-09-30,107591739,1361,90.82
276900279,2016-09-30,107591739,2769,79.12
377700280,2016-09-30,108961755,3777,89.23
136100286,2016-09-30,110133488,1361,12.45
136100287,2016-09-30,110133488,1361,38.26
109400310,2016-09-30,128282194,1094,19.02
109400311,2016-09-30,135127654,1094,27.71
377700281,2016-09-30,147824776,3777,88.23
101300281,2016-09-30,185618838,1013,32.46
101300282,2016-09-30,185618838,1013,51.89
276900280,2016-09-30,193973451,2769,55.16
101300283,2016-09-30,299095250,1013,6.04
377700282,2016-09-30,299095250,3777,44.91
276900281,2016-09-30,330885271,2769,80.05
136100288,2016-09-30,378591838,1361,96.88
276900282,2016-09-30,378591838,2769,34.23
101300284,2016-09-30,430229878,1013,32.9
109400312,2016-09-30,447562366,1094,78.1
101300285,2016-09-30,449340127,1013,9.15
109400313,2016-09-30,461717733,1094,58.88
136100289,2016-09-30,475684549,1361,51.95
101300286,2016-09-30,491848431,1013,94.56
109400314,2016-09-30,505589588,1094,62.83
377700283,2016-09-30,578148567,3777,4.46
101300287,2016-09-30,619738273,1013,19.85
101300288,2016-09-30,687959335,1013,60.95
136100290,2016-09-30,721728168,1361,3.67
136100291,2016-09-30,796329812,1361,26.18
109400315,2016-09-30,813944979,1094,69.84
101300289,2016-09-30,817355585,1013,64.59
